00000000000100000000001010010011
00000000001000000000001100010011
00000000000100000000001110010011
00000000011000101000101001100011
00000000011100101000101001100011
00000000011000101000010000110011
00000000011000101000010000110011
00000000011000101000010000110011
00000010000000000000000011101111
00000000000001100100010000110111
00000000010100000000001100110011
00000000000000110010010010010111
11111100011000101000111011100011
00000000011000101000010000110011
00000000011000101000010000110011
00000000011000101000010000110011
00000000000000000000000000010011
11111111110111111111000011101111
