0
7
17
32
48
57
61
56
48
34
18
-2
-22
-39
-54
-61
-66
-61
-53
-39
-22
-3
18
34
49
56
60
55
48
34
18
-2
-22
-39
-54
-61
-66
-61
-53
-39
-22
-3
18
34
49
56
60
55
48
34
18
-2
-22
-39
-54
-61
-66
-61
-53
-39
-22
-3
18
34
49
56
60
55
48
34
18
-2
-22
-39
-54
-61
-66
-61
-53
-39
-22
-3
18
34
49
56
60
55
48
34
18
-2
-22
-39
-54
-61
-66
-61
-53
-39
-22
-3
18
34
49
56
60
55
48
34
18
-2
-22
-39
-54
-61
-66
-61
-53
-39
-22
-3
18
34
49
56
60
55
48
34
18
-2
-22
-39
-54
-61
-66
-61
-53
-39
-22
-3
18
34
49
56
60
55
48
34
18
-2
-22
-39
-54
-61
-66
-61
-53
-39
-22
-3
18
34
49
56
60
55
48
34
18
-2
-22
-39
-54
-61
-66
-61
-53
-39
-22
-3
18
34
49
56
60
55
48
34
18
-2
-22
-39
-54
-61
-66
-61
-53
-39
-22
