0
15
53
122
222
324
406
437
410
319
177
6
-167
-316
-429
-489
-500
-458
-379
-268
-138
0
137
255
352
412
437
415
354
253
124
-20
-166
-294
-397
-459
-481
-453
-385
-280
-152
-10
130
253
352
415
439
416
350
248
118
-23
-163
-288
-390
-453
-476
-448
-382
-278
-151
-12
128
253
355
419
443
419
355
253
124
-20
-166
-294
-397
-459
-481
-453
-385
-280
-152
-10
130
253
352
415
439
416
350
248
118
-23
-163
-288
-390
-453
-476
-448
-382
-278
-151
-12
128
253
355
419
443
419
355
253
124
-20
-166
-294
-397
-459
-481
-453
-385
-280
-152
-10
130
253
352
415
439
416
350
248
118
-23
-163
-288
-390
-453
-476
-448
-382
-278
-151
-12
128
253
355
419
443
419
355
253
124
-20
-166
-294
-397
-459
-481
-453
-385
-280
-152
-10
130
253
352
415
439
416
350
248
118
-23
-163
-288
-390
-453
-476
-448
-382
-278
-151
-12
128
253
355
419
443
419
355
253
124
-20
-166
-294
-397
-459
-481
-453
-385
-280
-152
