0
16
38
69
103
119
128
118
103
73
39
0
-42
-75
-107
-120
-130
-118
-104
-74
-40
-1
40
72
104
118
128
118
103
73
39
0
-42
-75
-107
-120
-130
-118
-104
-74
-40
-1
40
72
104
118
128
118
103
73
39
0
-42
-75
-107
-120
-130
-118
-104
-74
-40
-1
40
72
104
118
128
118
103
73
39
0
-42
-75
-107
-120
-130
-118
-104
-74
-40
-1
40
72
104
118
128
118
103
73
39
0
-42
-75
-107
-120
-130
-118
-104
-74
-40
-1
40
72
104
118
128
118
103
73
39
0
-42
-75
-107
-120
-130
-118
-104
-74
-40
-1
40
72
104
118
128
118
103
73
39
0
-42
-75
-107
-120
-130
-118
-104
-74
-40
-1
40
72
104
118
128
118
103
73
39
0
-42
-75
-107
-120
-130
-118
-104
-74
-40
-1
40
72
104
118
128
118
103
73
39
0
-42
-75
-107
-120
-130
-118
-104
-74
-40
-1
40
72
104
118
128
118
103
73
39
0
-42
-75
-107
-120
-130
-118
-104
-74
-40
