0
16
-6
31
-3
23
18
4
34
-19
38
-36
26
-39
5
-30
-21
-10
-39
14
-43
31
-31
36
-7
26
17
5
34
-19
38
-36
26
-39
5
-30
-21
-10
-39
14
-43
31
-31
36
-7
26
17
5
34
-19
38
-36
26
-39
5
-30
-21
-10
-39
14
-43
31
-31
36
-7
26
17
5
34
-19
38
-36
26
-39
5
-30
-21
-10
-39
14
-43
31
-31
36
-7
26
17
5
34
-19
38
-36
26
-39
5
-30
-21
-10
-39
14
-43
31
-31
36
-7
26
17
5
34
-19
38
-36
26
-39
5
-30
-21
-10
-39
14
-43
31
-31
36
-7
26
17
5
34
-19
38
-36
26
-39
5
-30
-21
-10
-39
14
-43
31
-31
36
-7
26
17
5
34
-19
38
-36
26
-39
5
-30
-21
-10
-39
14
-43
31
-31
36
-7
26
17
5
34
-19
38
-36
26
-39
5
-30
-21
-10
-39
14
-43
31
-31
36
-7
26
17
5
34
-19
38
-36
26
-39
5
-30
-21
-10
-39
14
-43
