0
3
8
14
23
26
29
25
22
14
7
125
115
107
99
96
95
97
101
108
116
125
7
16
23
26
29
25
22
14
7
125
115
107
99
96
95
97
101
108
116
125
7
16
23
26
29
25
22
14
7
125
115
107
99
96
95
97
101
108
116
125
7
16
23
26
29
25
22
14
7
125
115
107
99
96
95
97
101
108
116
125
7
16
23
26
29
25
22
14
7
125
115
107
99
96
95
97
101
108
116
125
7
16
23
26
29
25
22
14
7
125
115
107
99
96
95
97
101
108
116
125
7
16
23
26
29
25
22
14
7
125
115
107
99
96
95
97
101
108
116
125
7
16
23
26
29
25
22
14
7
125
115
107
99
96
95
97
101
108
116
125
7
16
23
26
29
25
22
14
7
125
115
107
99
96
95
97
101
108
116
125
7
16
23
26
29
25
22
14
7
125
115
107
99
96
95
97
101
108
116
