0
16
-6
31
-3
-81
56
68
-56
-12
22
-28
22
-38
3
74
-60
-74
51
9
-26
24
-28
34
-6
-79
55
69
-56
-12
22
-28
22
-38
3
74
-60
-74
51
9
-26
24
-28
34
-6
-79
55
69
-56
-12
22
-28
22
-38
3
74
-60
-74
51
9
-26
24
-28
34
-6
-79
55
69
-56
-12
22
-28
22
-38
3
74
-60
-74
51
9
-26
24
-28
34
-6
-79
55
69
-56
-12
22
-28
22
-38
3
74
-60
-74
51
9
-26
24
-28
34
-6
-79
55
69
-56
-12
22
-28
22
-38
3
74
-60
-74
51
9
-26
24
-28
34
-6
-79
55
69
-56
-12
22
-28
22
-38
3
74
-60
-74
51
9
-26
24
-28
34
-6
-79
55
69
-56
-12
22
-28
22
-38
3
74
-60
-74
51
9
-26
24
-28
34
-6
-79
55
69
-56
-12
22
-28
22
-38
3
74
-60
-74
51
9
-26
24
-28
34
-6
-79
55
69
-56
-12
22
-28
22
-38
3
74
-60
-74
51
9
-27
